[14.964]
[14.964, 1.091]
[14.964, 1.091, 19.064]
[14.964, 3.565, 1.091, 19.064]
[14.964, 535, 3.565, 1.091, 19.064]
[14.964, 535, 419, 3.565, 1.091, 19.064]
[14.964, 535, 1.898, 419, 3.565, 1.091, 19.064]
[14.964, 535, 1.898, 419, 3.081, 3.565, 1.091, 19.064]
[14.964, 535, 1.898, 419, 3.081, 3.565, 818, 1.091, 19.064]
[14.964, 535, 1.898, 419, 3.081, 36.386, 3.565, 818, 1.091, 19.064]
[$109
99]
[$109
99, $109
99]
[$109
99, $109
99, $57
99]
[$109
99, $136
47, $109
99, $57
99]
[$109
99, $34
99, $136
47, $109
99, $57
99]
[$109
99, $34
99, $108
99, $136
47, $109
99, $57
99]
[$109
99, $34
99, $149
99, $108
99, $136
47, $109
99, $57
99]
[$109
99, $34
99, $149
99, $108
99, $379
00, $136
47, $109
99, $57
99]
[$109
99, $34
99, $149
99, $108
99, $379
00, $136
47, $84
98, $109
99, $57
99]
[$109
99, $34
99, $149
99, $108
99, $379
00, $149
99, $136
47, $84
98, $109
99, $57
99]
[14,964]
[14,964, 1,091]
[14,964, 1,091, 19,064]
[14,964, 3,565, 1,091, 19,064]
[14,964, 535, 3,565, 1,091, 19,064]
[14,964, 535, 419, 3,565, 1,091, 19,064]
[14,964, 535, 1,898, 419, 3,565, 1,091, 19,064]
[14,964, 535, 1,898, 419, 3,081, 3,565, 1,091, 19,064]
[14,964, 535, 1,898, 419, 3,081, 3,565, 818, 1,091, 19,064]
[14,964, 535, 1,898, 419, 3,081, 36,386, 3,565, 818, 1,091, 19,064]
[14.964]
[1.898, 14.964]
[1.898, 14.964, 19.064]
[1.898, 3.565, 14.964, 19.064]
[1.898, 3.565, 535, 14.964, 19.064]
[1.898, 3.565, 535, 14.964, 419, 19.064]
[1.898, 3.565, 535, 3.081, 14.964, 419, 19.064]
[1.898, 818, 3.565, 535, 3.081, 14.964, 419, 19.064]
[36.386, 1.898, 818, 3.565, 535, 3.081, 14.964, 419, 19.064]
[36.386, 1.898, 818, 3.565, 535, 3.081, 14.964, 419, 2.603, 19.064]
[$109
99]
[$57
99, $109
99]
[$57
99, $109
99, $136
47]
[$57
99, $119
99, $109
99, $136
47]
[$57
99, $119
99, $108
99, $109
99, $136
47]
[$57
99, $119
99, $108
99, $109
99, $149
99, $136
47]
[$57
99, $119
99, $108
99, $379
00, $109
99, $149
99, $136
47]
[$57
99, $84
98, $119
99, $108
99, $379
00, $109
99, $149
99, $136
47]
[$26
99, $57
99, $84
98, $119
99, $108
99, $379
00, $109
99, $149
99, $136
47]
[$26
99, $57
99, $84
98, $119
99, $108
99, $379
00, $109
99, $149
99, $159
00, $136
47]
[14,964]
[1,898, 14,964]
[1,898, 14,964, 19,064]
[1,898, 3,565, 14,964, 19,064]
[1,898, 3,565, 535, 14,964, 19,064]
[1,898, 3,565, 535, 14,964, 419, 19,064]
[1,898, 3,565, 535, 3,081, 14,964, 419, 19,064]
[1,898, 818, 3,565, 535, 3,081, 14,964, 419, 19,064]
[36,386, 1,898, 818, 3,565, 535, 3,081, 14,964, 419, 19,064]
[36,386, 1,898, 818, 3,565, 535, 3,081, 14,964, 419, 2,603, 19,064]
[ 10%]
[ 10%,  10%]
