[14.964]
[14.964, 1.091]
[14.964, 1.091, 19.064]
[14.964, 3.565, 1.091, 19.064]
[14.964, 535, 3.565, 1.091, 19.064]
[14.964, 535, 419, 3.565, 1.091, 19.064]
[14.964, 535, 1.898, 419, 3.565, 1.091, 19.064]
[14.964, 535, 1.898, 419, 3.081, 3.565, 1.091, 19.064]
[14.964, 535, 1.898, 419, 3.081, 3.565, 818, 1.091, 19.064]
[14.964, 535, 1.898, 419, 3.081, 36.386, 3.565, 818, 1.091, 19.064]
[$109
99]
[$109
99, $109
99]
[$109
99, $109
99, $57
99]
[$109
99, $136
47, $109
99, $57
99]
[$109
99, $34
99, $136
47, $109
99, $57
99]
[$109
99, $34
99, $108
99, $136
47, $109
99, $57
99]
[$109
99, $34
99, $149
99, $108
99, $136
47, $109
99, $57
99]
[$109
99, $34
99, $149
99, $108
99, $379
00, $136
47, $109
99, $57
99]
[$109
99, $34
99, $149
99, $108
99, $379
00, $136
47, $84
98, $109
99, $57
99]
[$109
99, $34
99, $149
99, $108
99, $379
00, $149
99, $136
47, $84
98, $109
99, $57
99]
[14,964]
[14,964, 1,091]
[14,964, 1,091, 19,064]
[14,964, 3,565, 1,091, 19,064]
[14,964, 535, 3,565, 1,091, 19,064]
[14,964, 535, 419, 3,565, 1,091, 19,064]
[14,964, 535, 1,898, 419, 3,565, 1,091, 19,064]
[14,964, 535, 1,898, 419, 3,081, 3,565, 1,091, 19,064]
[14,964, 535, 1,898, 419, 3,081, 3,565, 818, 1,091, 19,064]
[14,964, 535, 1,898, 419, 3,081, 36,386, 3,565, 818, 1,091, 19,064]
